1111111111111111111111111111111111111111111111111111111111111111111111
1111111100000000000000000000000000000001111111111111111111111111111111
1111111011111111111111111111111111111110111111111111111111111111111111
1111110111111111111111111111111111111111001111111111111111111111111111
1111101111111111111111111111111111111111110011111111111111111111111111
1111011111111111111111111111111111111111111100111111111111111111111111
1111011111111111111111111111111111111111111111001111111111111111111111
1111011111111111111111111111111111111111111111110011111111111111111111
1111011111111111111111111111111111111111111111111101111111111111111111
1110111111111111111111111111111111111111111111111101111111111111111111
1110111111111111111111111111111111100111111111111101111111111111111111
1111011111111111111111111111111111010111111111111011111111111111111111
1111100011111111111111111111111101111101111111110111111111111111111111
1111111011111111111111111111111101111101111111110111111111111111111111
1111111100111111111111111111111110111011111111110111111111111111111111
1111111111001111111111111111111111010111111111101111111111111111111111
1111111111110111111111111111111111100111111111101111111111111111111111
1111111111110111111111111111111111111111111111011111111111111111111111
1111111111110111111111111111111111111111111110111111111111111111111111
1111111111111011111111111111111111111111111001111111111111111111111111
1111111111111101111111111111111111111111100111111111111111111111111111
1111111111111110111111111111111111111100011111111111111111111111111111
1111111111111111011111111111111111111011111111111111111111111111111111
1111111111111111101111111111111111110111111111111111111111111111111111
1111111111111111110000000000000000001111111111111111111111111111111111
1111111111111111111111111111111111111111111111111111111111111111111111
1111111111111111111111111111111111111111111111111111111111111111111111
1111111111111111111111111111111111111111111111111111111111111111111111
1111111111111111111111111111111111111111111111111111111111111111111111
1111111111111111111111111111111111111111111111111111111111111111111111
